20.000000 20.000000 20.000000 20.000000 20.000000 20.000000 20.000000 20.000000 20.000000 20.000000 20.000000 20.000000 
0.000000 10.335055 14.594134 16.705227 17.905158 18.643245 19.116051 19.426892 19.637334 19.786653 19.901193 20.000000 
0.000000 6.746084 11.336255 14.321616 16.272159 17.551773 18.394065 18.954184 19.335791 19.608083 19.818121 20.000000 
0.000000 5.313027 9.683187 12.972823 15.310088 16.897624 17.954251 18.659989 19.143562 19.491767 19.763208 20.000000 
0.000000 4.822836 9.110644 12.576399 15.097748 16.774385 17.865325 18.587961 19.086699 19.452217 19.742943 20.000000 
0.000000 4.867672 9.360156 13.124379 15.730119 17.236842 18.144704 18.739830 19.163056 19.487458 19.756349 20.000000 
0.000000 5.287698 10.337926 14.830844 17.461507 18.298162 18.736817 19.063601 19.338236 19.578211 19.794994 20.000000 
0.000000 5.945194 11.873007 18.399565 20.986903 19.757480 19.440803 19.439520 19.548075 19.692157 19.845416 20.000000 
0.000000 6.620072 12.809343 19.295935 21.717489 20.304053 19.829394 19.705600 19.722388 19.796926 19.894513 20.000000 
0.000000 7.725752 13.448357 17.645773 19.671497 19.911847 19.867120 19.831100 19.838951 19.878646 19.935709 20.000000 
0.000000 10.834578 15.612559 18.167303 19.410879 19.804717 19.896141 19.912727 19.923669 19.942998 19.969677 20.000000 
0.000000 20.000000 20.000000 20.000000 20.000000 20.000000 20.000000 20.000000 20.000000 20.000000 20.000000 20.000000 
